深赤湾A(000022)_公司公告_招商港口：关于控股子公司发布2022年度全年业绩的自愿性信息披露公告新浪财经_新浪网
公告日期:2023-04-01
证券代码：001872/20187
–1
2证券简称：招商港口/招港B公告编号：2023-023
招商局港口集团股份有限公司关于控股子公司发布2022年度全年业绩的自愿性信息披露公告
投资者可于香港联交所网站http://www.hkex.com.hk查询招商局港口2022年全年业绩公告全文，敬请广大投资者关注
2023年3月31日，招商局港口集团股份有限公司控股子公司招商局港口控股有限公司（股票代码：00144.HK，以下简称“招商局港口”）发布了2022年度全年业绩公告，招商局港口2022年度主要财务数据详见附件。
。
特此公告。
招商局港口集团股份有限公司
董事会2023年4月1日
附件：招商局港口控股有限公司2022年度主要财务数据
公司及董事会全体成员保证公告内容真实、准确和完整，没有虚假记载、误导性陈述或重大遗漏。
20221231
20222021212,54511,850
(6,977)(6,493)
5,5685,3574(635)981
(1,516)(1,551)54074005(1,861)(1,815)
5(1,454)(1,415)
7,7957,103317151
8,1127,254
10,07510,6266(1,046)(1,241)
79,0299,385
7,7818,1442292271,0191,014
9,0299,385
83,2683,549
201.52219.87
附件：招商局港口控股有限公司2022年度主要财务数据
20221231
202220219,0299,385
(9,227)2,69024—
—(3)
—(35)
—
(58)(36)
—
(67)356
(6)(1)
(9,334)3,037
(305)12,422
(453)11,101229227(81)1,094
(305)12,422
20221231
20222021
5,6135,6418,3808,60724,21726,84616,73517,6508,2659,03475,65675,2099,3198,8748,86010,516258203323394
157,626162,974
1751662,4683,016102,2572,134
—
9,6299,980
14,52915,299
—
14,52915,716
172,155178,690
20222021
46,66844,01747,89951,51982,4022,726
96,96998,262
6,2466,24119,36120,295
122,576124,798
17,96822,2318858864,9584,7354,7664,851
28,57732,703
113,5144,30416,56114,55165408622,294
21,00221,189
49,57953,892
172,155178,690
(6,473)(5,473)
151,153157,501
2022202220211231
662(3)6320211231
20221231
406(2)407(2)(3)
20222021
11,83311,069522560
12,35511,629
190221
12,54511,850
(i)
(a)
(b)(ii)
(iii)
202110%16.94202117.45
20222021202220217,9197,352102,221108,1061,7681,5218,6958,1172,8582,97737,52735,841
12,54511,850148,443152,064
20221231
4,8251,326861,0154,58111,833522190—19012,545
1,85513122(191)2,0183,835117159(694)(535)3,417
2425,564181421,0507,0799707—7077,7952—1385182327(6)(4)—
(4)317
2,0995,695341(144)3,25011,241120862(694)16811,529
(60)(1)1(23)(187)(270)(14)(30)(1,140)(1,170)(1,454)
(397)(254)(22)(6)(262)(941)(21)(84)—
(84)(1,046)
1,6425,440320(173)2,80110,03085748(1,834)(1,086)9,029————————
(229)(229)(229)
(311)(232)
—50(503)(996)(23)———(1,019)
1,3315,208320(123)2,2989,03462748(2,063)(1,315)7,781
73023513199332,2181151129402,373
390270—1924981,35036381391,425
20211231
4,3301,152831,0524,45211,069560221—22111,850
1,711410462392,1204,742126152(233)(81)4,787
2634,9612191914796,113(16)1,006—1,0067,103(2)—66117414911—1151
1,9725,3717472412,67311,0041111,159(233)92612,041
(12)2
—
(31)(166)(207)(17)(36)(1,155)(1,191)(1,415)
(405)(272)(61)(46)(370)(1,154)(14)(73)—
(73)(1,241)
1,5555,1016861642,1379,643801,050(1,388)(338)9,385————————
(227)(227)(227)
(260)(173)
—
(17)(547)(997)(17)———(1,014)
1,2954,9286861471,5908,646631,050(1,615)(565)8,144
65323713289242,14388253552,286
1,129352—1662241,87113296351,919
20221231
17,6776,14699110,46134,81170,0862,5218,6125,63814,25086,857
3,01538,9884,8053,0129,35659,17657215,908—15,90875,656
—2,8013475,4968,650440229—2299,319
20,69845,1348,59713,82049,663137,9123,53324,7495,63830,387171,832
172,155
2,72840141,7017,00711,84152769530,88831,58343,951
4,766
49,579
20211231
20,0926,9381,04012,07735,59975,7463,3938,9285,72614,65493,793
2,96036,0765,1863,3539,38056,95581717,437—17,43775,209
—3,0473785,4098,844723—238,874———
—
————
23,06243,0149,27316,22550,388141,9624,21726,3885,72632,114178,293
178,690
3,945214181,8888,67614,7416481,00630,35231,35846,747
2,2944,851
53,892
20222021
(3)454
(86)10
—
—(575)(358)(30)
(276)(291)
(481)8
(a)249—(b)—
92881842683767
(635)981
(a)(b)20219TCPParticipa??esS.A.TCP
IGP-MIPCA
9.44
20222021
1861232177200200
407400
(444)(312)(1,022)(1,219)
(14)(23)(11)(16)(55)(47)(52)(50)(263)(179)
(1,861)(1,846)—
(1,861)(1,815)
(1,454)(1,415)
16.5%202116.5%
25%15%
200810%25%5%
20222021
81450479158275174176256310
1,0461,241
20222021
2,3072,2181,5661,5115225002852751010
2022202122202122866823602021722,4022,726
3,2683,549
202333160
202220233314,003,383,04620213,785,619,729
202220217,7818,144
3,861,103,4813,703,860,052
20222021
9.28202110.23
90202190
202220210-9087190491-1803361181-3651539365919
9281,023
4.7520215.46
202220210-9041947391-1801825181-365743653144
475546
