青岛银行(002948)_公司公告_青岛银行：境内同步披露公告-截至2022年12月31日止年度业绩新浪财经_新浪网
公告日期:2023-04-01
青岛银行股份有限公司境内同步披露公告
本行及董事会全体成员保证公告内容的真实、准确和完整，没有虚假记载、误导性陈述或者重大遗漏。
青岛银行股份有限公司根据《香港联合交易所有限公司证券上市规则》规定，已在香港联合交易所有限公司披露易网站（https://www.hkexnews.hk/）披露后附公告。
根据《深圳证券交易所股票上市规则》关于上市公司在境内外证券交易所同步披露公告的规定，特将该公告在深圳证券交易所网站（http://www.szse.cn/）同步披露，供参阅。
特此公告。
青岛银行股份有限公司董事会
2023年3月31日
BankofQingdaoCo.,Ltd.*
*H386620221231
20221231
1.1
BANKOFQINGDAOCO.,LTD.BANKOFQINGDAO
A002948H3866
1.2
266061
+8640066965886+86(532)85783866ir@qdbankchina.comhttp://www.qdccb.com/
20222021202020192018
(%)8,288,3147,645,6258.418,146,5316,846,0554,464,0293,360,9413,492,748(3.77)2,401,5432,776,0542,900,80911,649,25511,138,3734.5910,548,0749,622,1097,364,838(4,218,441)(3,915,738)7.73(3,676,022)(3,166,762)(2,505,650)(4,288,828)(3,966,971)8.11(4,143,756)(3,626,792)(2,383,172)3,135,9593,225,410(2.77)2,728,2962,828,5552,476,0163,167,5252,993,2135.822,453,2982,335,5222,043,3893,082,7752,922,6645.482,394,0722,284,8152,023,352
(%)
(1)
0.450.51(11.76)0.400.370.36(1)
0.450.51(11.76)0.400.370.36(2)
0.160.16–0.180.200.20
202288
20221231
20211231
20201231
20191231
20181231(%)(3)
529,613,992522,249,6101.41459,827,605373,622,150317,658,502
(3)
269,029,452244,205,48010.17206,747,221172,795,443126,386,870598,681829,555(27.83)899,064772,480521,250
(7,109,471)(6,426,337)10.63(5,287,801)(4,409,632)(3,541,229)262,518,662238,608,69810.02202,358,484169,158,291123,366,891
(7,137,141)(6,439,606)10.83(5,302,582)(4,422,549)(3,557,806)
(27,670)(13,269)108.53(14,781)(12,917)(16,577)
(3)
493,020,697488,921,8820.84428,920,747343,144,232290,161,778
(3)
341,347,176313,524,9238.87272,231,484212,790,909175,675,8496,696,1314,440,88450.783,519,2262,634,4942,235,398348,043,307317,965,8079.46275,750,710215,425,403177,911,247
5,820,3554,509,69029.064,509,6904,509,6904,058,71335,816,31232,635,4959.7530,285,17429,915,46026,984,97336,593,29533,327,7289.8030,906,85830,477,91827,496,72445,212,21847,075,226(3.96)37,806,58039,252,50536,021,65629,169,60624,910,98517.1022,384,99822,224,69719,268,6006,473,5717,912,511(18.19)7,909,2927,901,6237,894,3309,569,04114,251,730(32.86)7,512,2909,126,1858,858,726
333,440,925297,412,69312.11267,941,143265,908,365229,776,495
(%)
(4)
5.055.20(2.88)4.714.634.47
20222021202020192018(%)(5)
0.600.61(0.01)0.590.680.66
(1)
8.9510.40(1.45)8.568.278.36
(6)
1.851.87(0.02)2.142.101.67
(7)
1.761.79(0.03)2.132.131.6312.4117.55(5.14)16.0412.6511.76
(8)
34.9533.901.0533.5931.8633.0120221231
20211231
20201231
20191231
20181231(%)
1.211.34(0.13)1.511.651.68
219.77197.4222.35169.62155.09168.04
2.652.640.012.562.562.82(%)(9)
8.758.380.378.358.368.39(9)
10.6911.04(0.35)11.3111.3311.82(9)
13.5615.83(2.27)14.1114.7615.68
6.916.380.536.728.168.66(%)
122.83179.54(56.71)152.42142.27125.95
88.2173.2814.9365.4468.8460.55(1)9
2010202212AH34
20210.5420200.4220190.3920180.37
13.20172022920227-8
(2)
2022(3)(4)=
20182021(5)=2018
9IFRS9201916IFRS16(6)=(7)=(8)=(9)
2022
2022
199611
IT201512H20191A
180220172
51%2020
4,7005,296.144,930.21
13.56%1.21%0.13
31.685.82%
??
1.
2.
3.
4.
5.
6.
B2022
202242021
202272022
2022
202272022500218.72
20227A2022920225002682022965004302022112022
2022122022
202212
2022122021
5.1
(1)5,296.1473.641.41%
(2)2,690.29248.24
10.17%
(3)3,413.47278.22
8.87%
(4)116.495.114.59%
31.681.745.82%
30.831.605.48%
(5)1.21%0.13
219.77%22.3513.56%
8.75%0.37
(6)0.60%0.01
(7)0.450.0611.76%
8.95%1.45
5.2
2022
1.5,296.14
73.641.41%2,690.29
248.2410.17%
16.83%3,413.47
278.228.87%33.41%202231.681.745.82%
2.
A+H41.55
A+HA+H
13.56%
8.75%0.373.
105.7070.68%
70.02209.8%
11.00%1.29
52.19%
4.38254.16
4.32.47
0.141.21%0.132014
2.03%0.34
219.77%22.352.65%
0.01
5.
505420
9100
6.154.98
30.55%5.1248.46%
1.73
20.13%2,008.15
330.1119.67%2,112.95
295.5016.26%
2023
2023-20253
6.1
202231.681.745.82%
30.831.60
5.48%
20222021(%)8,288,3147,645,625642,6898.411,445,1301,955,126(509,996)(26.09)1,915,8111,537,622378,18924.60(4,218,441)(3,915,738)(302,703)7.73(4,288,828)(3,966,971)(321,857)8.11
(6,027)(30,254)24,227(80.08)3,135,9593,225,410(89,451)(2.77)
31,566(232,197)263,763(113.59)3,167,5252,993,213174,3125.823,082,7752,922,664160,1115.4884,75070,54914,20120.13
6.2
2022116.495.11
4.59%
71.15%2.51
20222021
(%)(%)8,288,31471.157,645,62568.642.5119,830,162170.2318,208,935163.486.7512,731,942109.2911,556,834103.765.535,210,43044.735,264,16147.26(2.53)
32,1240.2825,5290.230.05269,1472.318,1940.072.24304,8722.62347,9663.12(0.50)312,5062.68385,2533.46(0.78)969,1418.32620,9985.582.74(11,541,848)(99.08)(10,563,310)(94.84)(4.24)
3,360,94128.853,492,74831.36(2.51)1,445,13012.411,955,12617.55(5.14)1,915,81116.441,537,62213.812.63
11,649,255100.0011,138,373100.00–
6.3
202282.886.43
8.41%
20222021
255,836,42312,731,9424.98%227,377,05911,556,8345.08%143,312,2905,210,4303.64%136,807,6465,264,1613.85%(1)
31,628,745606,1431.92%23,150,856381,6891.65%23,899,510312,5061.31%30,102,244385,2531.28%14,948,519969,1416.48%10,761,896620,9985.77%469,625,48719,830,1624.22%428,199,70118,208,9354.25%
318,841,5507,046,2092.21%286,986,2185,986,6592.09%
(2)
53,283,5771,242,6082.33%49,895,6661,249,4572.50%91,954,9642,709,7252.95%89,279,1712,927,6873.28%21,984,330543,3062.47%17,127,859399,5072.33%486,064,42111,541,8482.37%443,288,91410,563,3102.38%
8,288,3147,645,625
1.85%1.87%
1.76%1.79%
(1)
(2)
20224,696.25414.26
9.67%1.85%0.02
1.76%0.03
20222021
1,402,485(227,377)1,175,108233,565(287,296)(53,731)161,94762,507224,454(81,778)9,031(72,747)271,73476,409348,1431,987,953(366,726)1,621,227
715,167344,3831,059,550
77,974(84,823)(6,849)76,659(294,621)(217,962)119,82023,979143,799989,620(11,082)978,538998,333(355,644)642,689
6.4
2022198.3016.21
8.90%
2022127.3211.75
10.17%
20222021
166,742,4428,396,2205.04%147,578,0187,489,7385.08%
69,992,5163,957,3485.65%64,774,6093,630,0745.60%19,101,465378,3741.98%15,024,432437,0222.91%255,836,42312,731,9424.98%227,377,05911,556,8345.08%
202252.100.54
1.02%
20226.06
2.2458.81%
6.5
2022115.429.79
9.26%
202270.4610.60
17.70%
20222021
95,028,534871,0780.92%104,086,236956,2600.92%97,864,2972,752,9022.81%85,356,0792,360,3192.77%
192,892,8313,623,9801.88%189,442,3153,316,5791.75%
26,815,98377,6130.29%24,019,74272,7680.30%99,132,7363,344,6163.37%73,524,1612,597,3123.53%
125,948,7193,422,2292.72%97,543,9032,670,0802.74%318,841,5507,046,2092.21%286,986,2185,986,6592.09%
202212.43
0.070.55%
202227.102.18
7.44%
6.6
202233.611.32
3.77%
202220211,791,2822,175,357(346,152)(220,231)
1,445,1301,955,1261,915,8111,537,6223,360,9413,492,748
6.7
202214.455.10
26.09%
202220211,791,2822,175,357
859,3491,264,544458,418506,887319,653228,18084,66365,14226,86486,80042,33523,804
(346,152)(220,231)1,445,1301,955,12620228.594.05
32.04%
4.580.48
9.56%
3.200.9140.09%
0.850.20
29.97%
0.270.6069.05%
0.420.19
77.85%
3.461.26
6.8
202219.163.78
24.60%
20222021741,182(171,489)1,057,1751,680,445117,45428,6661,915,8111,537,622
6.9
202242.183.03
7.73%
202220211,958,8171,891,637819,713741,613146,885139,6021,293,0261,142,8864,218,4413,915,738
6.10
202242.893.22
8.11%
26.364.74
15.23%
13.206.22
1.830.97
202220212,636,2843,110,0291,598,896351,302(278,471)347,477
183,23886,472
1,11756522,4454,910
(21,110)12,470115,20135,17831,22818,5684,288,8283,966,971
7.1
20225,296.1473.64
1.41%
202212312021123120201231
%%%%%262,518,66249.57238,608,69845.6910.023.88202,358,48444.01
47,259,7628.9255,947,25410.71(15.53)(1.79)37,250,4058.1096,678,70118.2572,613,39513.9033.144.3566,828,00214.5358,202,66510.9961,422,15211.76(5.24)(0.77)74,157,60216.1327,825,3065.2553,241,39410.19(47.74)(4.94)47,219,39710.27
2,301,0370.432,126,9220.418.190.022,568,9190.568,432,0221.595,108,6460.9865.050.61––
––12,288,9252.35(100.00)(2.35)9,726,4762.12108,3760.02146,6170.03(26.08)(0.01)286,4000.0615,280,9492.8911,688,2532.2430.740.6511,001,1782.393,466,3860.653,390,1930.652.25–3,247,7680.71826,9580.16845,8890.16(2.24)–826,8210.183,446,3430.652,505,4420.4837.550.172,468,0170.543,266,8250.632,315,8300.4541.060.181,888,1360.40529,613,992100.00522,249,610100.001.41–459,827,605100.00
7.1.1
20222,625.19
239.1010.02%49.57%
3.882,690.29
248.2410.17%
50.80%4.04
202212312021123120201231
%%%%%173,148,21564.36149,822,06861.3515.573.01138,776,96667.12
73,380,03027.2876,743,18831.43(4.38)(4.15)60,755,09629.3922,501,2078.3617,640,2247.2227.561.147,215,1593.49269,029,452100.00244,205,480100.0010.17–206,747,221100.00598,681829,555(27.83)899,064
(7,109,471)(6,426,337)10.63(5,287,801)
262,518,662238,608,69810.02202,358,484
20221,731.48
233.2615.57%64.36%
3.01
2022733.8033.63
4.38%27.28%4.15
2022225.0148.61
27.56%8.36%1.14
7.1.2
20222,021.41
121.586.40%
2022123120211231
%%
47,259,76223.3855,947,25429.4596,678,70147.8372,613,39538.22
58,202,66528.7961,422,15232.33202,141,128100.00189,982,801100.00
2022
472.6086.87
15.53%
20221231
2021123124,637–2,684,943877,6561,017,848106,92434,950,08439,973,0927,787,80213,488,145
791,8321,501,4372,616–
47,259,76255,947,254
2022
966.79240.65
33.14%
20221231
2021123134,298,70031,766,923
7,179,6151,075,38419,761,40811,447,91733,292,03422,697,107712,9343,755,95323,25023,250
–701,504
1,410,7601,145,357
96,678,70172,613,395
2022582.03
32.195.24%
20221231
2021123129,382,70027,859,49210,720,0049,989,9488,957,23010,543,252801,9171,073,8452,609,2004,340,6301,738,7001,768,7006,070,6406,080,00060,280,39161,655,867868,9921,014,107(2,946,718)(1,247,822)58,202,66561,422,152
7.2
20224,930.2140.99
0.84%
20221231
20211231
20201231%%%%%348,043,30770.59317,965,80765.039.465.56275,750,71064.29
6,439,6601.316,341,8141.301.540.0117,024,7323.9717,808,0953.6116,904,5003.465.350.1512,947,5753.0225,634,3545.2025,305,5965.181.300.0233,099,3497.72188,1470.04144,6890.0330.040.01288,3470.0713,256,6052.6925,494,1165.21(48.00)(2.52)11,207,0692.61703,8760.14124,0320.03467.500.11431,9210.1074,866,95115.1992,218,30018.86(18.82)(3.67)72,834,50816.98515,0430.10505,8950.101.81–453,6710.115,564,6591.133,917,1330.8042.060.334,882,8651.13493,020,697100.00488,921,882100.000.84–428,920,747100.00
7.2.1
20223,480.43
300.789.46%70.59%
5.563,413.47
278.228.87%
69.24%5.11
202212312021123120201231
%%%%%193,629,69456.73202,889,72364.71(4.56)(7.98)183,447,24267.3891,660,86026.86118,280,11937.73(22.51)(10.87)111,491,36940.95101,968,83429.8784,609,60426.9820.522.8971,955,87326.43
147,328,16943.16110,430,52235.2233.417.9488,339,31532.4529,571,1488.6629,923,2609.54(1.18)(0.88)22,899,4998.41117,757,02134.5080,507,26225.6846.278.8265,439,81624.04389,1020.1180,2460.03384.890.08428,5850.16211–124,4320.04(99.83)(0.04)16,3420.01
341,347,176100.00313,524,923100.008.87–272,231,484100.006,696,1314,440,88450.783,519,226
348,043,307317,965,8079.46275,750,710202243.16%
7.9456.73%
7.98
7.2.2
202264.40
0.981.54%
7.2.3
2022256.34
3.291.30%
7.2.4
2022132.57
122.3848.00%
7.2.5
2022748.67
173.5118.82%
7.3
2022365.9332.66
9.80%358.1631.81
9.75%AH
9.315.10
20221231
202112315,820,3554,509,690
–7,853,9646,395,783–
10,687,6348,337,869
83,726746,4992,388,2482,103,8836,618,0475,576,4613,822,5193,507,12935,816,31232,635,495
776,983692,23336,593,29533,327,728
2022-16.7546.80
263.51
227.52
152.87203.68
-102.6758.17
116.7452.01
-194.49344.81
239.93118.78
20222021
%%5,894,08550.605,995,16953.822,301,21819.752,235,65820.072,933,30225.182,542,27322.82520,6504.47365,2733.2911,649,255100.0011,138,373100.00
20222021
%%1,460,23046.561,028,55931.89527,51916.83657,23920.38904,42428.841,325,69341.10243,7867.77213,9196.633,135,959100.003,225,410100.00
10.1
10.1.1
10.1.2
10.2
20211231
20221231
55,947,254(1,327,559)47,259,762
17,640,224(36,436)14,40122,694,130
72,613,395(60,881)(278,471)96,678,701146,617(38,241)108,376(144,689)(43,458)(188,147)
10.3
46(6)
2,690.2932.471.21%
11.1
2022123120211231
%%263,563,48897.97238,428,34797.63
2,218,4830.822,515,2301.031,252,4100.461,563,3810.64822,0320.311,429,2200.591,173,0390.44269,3020.11269,029,452100.00244,205,480100.003,247,4811.213,261,9031.34
0.131.21%
0.180.46%
0.280.31%
0.330.44%
11.2
2022123120211231
%%195,649,42272.72167,462,29268.57116,039,07543.1390,853,05037.2056,731,86521.0954,827,92922.45184,3520.074,141,0891.7022,501,2078.3617,640,2247.22192,9230.07––
73,380,03027.2876,743,18831.4346,459,43117.2845,937,20618.8116,931,6306.2919,015,2017.799,988,9693.7111,790,7814.83
269,029,452100.00244,205,480100.00
11.3
2022123120211231
%%195,649,42272.72167,462,29268.5736,870,33713.7028,960,16111.8630,836,31711.4633,331,66213.6527,177,63310.1020,430,7878.3724,242,3539.0120,997,5418.6022,197,6998.2520,453,9348.3821,744,0018.0821,257,0288.7013,558,8375.047,721,4673.165,031,2831.873,859,2351.584,837,3791.803,783,9051.55
2,788,0391.042,218,0780.916,365,5442.374,448,4941.8173,380,03027.2876,743,18831.43269,029,452100.00244,205,480100.00
11.4
2022123120211231
%%269,029,452100.00244,205,480100.00149,899,13055.72139,440,33957.10
11.5
2022123120211231
%%52,463,31019.5054,080,56622.1556,725,87321.0949,142,72820.12104,787,86238.9594,014,19038.50
55,052,40720.4646,967,99619.23269,029,452100.00244,205,480100.00
11.6
%A2,159,0000.80B2,030,0000.75C1,900,0000.71D1,775,0000.66E1,700,0000.63F1,653,9000.61G1,647,4520.61H1,622,3150.60I1,598,0000.59J1,497,0760.58
17,582,7436.54
11.7
2022123120211231
%%264,863,44898.45241,449,16698.8731,572,6480.59990,9460.41311,779,9810.66557,3980.2313453,8540.17907,0740.373359,5210.13300,8960.12
269,029,452100.00244,205,480100.00
11.8
11.9
202220216,439,6065,302,5822,636,2843,110,029(2,046,387)(2,496,161)
122,818539,709
(15,180)(16,553)7,137,1416,439,606
71.376.9810.83%
219.77%22.352.65%
0.01
11.10
11.11
11.12
2022123120211231
%%133,2870.05275,5880.11269,029,452100.00244,205,480100.00
0.05%0.06
20222022108.27%122.83%20221.76%
0.032.37%0.01
2.21%0.12
13.1
13.56%2.27
8.75%0.37AH41.5564
20221231
2021123130,003,93925,220,6365,820,3554,509,69010,687,6348,337,86983,726746,4992,388,2482,103,8836,618,0475,576,4613,822,5193,507,129583,410439,105
(834,333)(309,651)29,169,60624,910,985
6,473,5717,912,51135,643,17732,823,496
9,569,04114,251,73045,212,21847,075,226333,440,925297,412,693276,517,007253,908,51236,098,49023,947,03620,825,42819,557,145
(%)8.758.38(%)10.6911.04(%)13.5615.83
13.12%2.35
8.20%0.41
20221231
2021123128,560,29724,160,4205,820,3554,509,69010,687,6348,337,86983,726746,4992,388,2482,103,8836,316,9265,409,9463,263,4083,052,533
(2,524,326)(1,976,884)26,035,97122,183,536
6,395,7837,853,96432,431,75430,037,500
9,235,09313,989,99641,666,84744,027,496317,558,522284,616,189262,068,871242,192,73636,098,49023,947,03619,391,16118,476,417
(%)8.207.79(%)10.2110.55(%)13.1215.47
13.2
4%2022
6.07%
0.20AH
20221231
202112311529,613,992522,249,6102––3––42,280,0002,371,9995––656,120,99134,991,3077(834,333)(309,651)8587,180,650559,303,265
20221231
202112311529,505,616509,814,0682(834,333)(309,651)3528,671,283509,504,4174108,376146,61752,280,0002,371,9996––7––8––9––10––112,388,3762,518,61612–12,288,92513––14––15––16–12,288,9251756,120,99134,991,30718––1956,120,99134,991,3072035,643,17732,823,49621587,180,650559,303,26522(%)6.075.87
20221231
2022
2022
2022
(%)6.076.246.456.63
35,643,17736,557,76638,149,42837,833,279587,180,650586,234,446591,744,221570,494,146
http://www.qdccb.com/
14.1
20221231
20211231(%)13,00013,0000.348,00010,00010,0001.14–
2502500.81–23,25023,2508,000
2022
7.1.2
14.2
14.3
14.4
1.
%63,706,03743.0117,899,61912.0931,403,58121.2035,111,79923.70148,121,036100.00
(%)15,170,000.003.392050-03152.9222,840,000.002.692027-06246.0832,740,000.003.182026-09219.3842,400,000.002.882029-06636.5152,250,000.003.552040-05589.7062,130,000.003.122026-1265.5172,000,000.003.232030-03161.4582,000,000.002.762024-11165.6291,950,000.003.132029-1160.59101,700,000.003.072030-0326.66
2.
2022123120211231
55,095,380108,376(188,147)50,646,662146,617(144,689)1.
202212
2.
14.5
1.
A+HA+H
2022A+H419,483.92419,483.92419,483.920.000.000.00%0.000.00
–419,483.92419,483.92419,483.920.000.000.00%0.00–0.00
2.
3.
16.1
680.79
16.2
16.3
46(6)
16.4
30%
20222021(%)
(346,152)(220,231)57.18
741,182(171,489)532.201,057,1751,680,445(37.09)
117,45428,666309.73(6,027)(30,254)(80.08)31,566(232,197)(113.59)
(662,773)713,782(192.85)
20221231
20211231(%)
27,825,30653,241,394(47.74)
8,432,0225,108,64665.05
–12,288,925(100.00)
96,678,70172,613,39533.14
15,280,94911,688,25330.743,446,3432,505,44237.55
3,266,8252,315,83041.0613,256,60525,494,116(48.00)188,147144,68930.04703,876124,032467.505,564,6593,917,13342.06
–7,853,964(100.00)
6,395,783–83,726746,499(88.78)
16.5
20211231
2022123128,754603,222(592,166)39,810
–6,884(6,884)–28,754610,106(599,050)39,810
2018
16.6
20221231
20211231199,180138,31560,86539,81028,75411,056
(38,584)(19,895)(18,689)
17.1
10%
10.00161.4115.865.122.331.73
10.0016.3715.555.784.623.45
17.2
17.3
201721510
51%+
202091610
+
18.1
23.01
19.75%
1.
1,473.28
368.9833.41%
148.06
43.16%7.94
31.50%
2,574.1086.91%
35.315.3417.82%
7,179
77.48%16.08
29.49%
1,027519102.17%24.20
8.4153.26%
26,12615,961157.02%
APP
2.
733.8033.63
4.38%39.57
3.279.02%0.05
4.60
2.281.08
100.29
6,000
5.312.47
104.3285.63%
25.29
464.595.221.14%
3.
65.08365.24
21.68%119.5134.57%
785.0742.70%
9.3649.28%
33.9952.23%
51.27%
3.3582.36%8.07
4.
57,3367,87115.91%1,326.24186.6416.38%
2.74
1.0259.96%
5.
AI7*24RPA
2022(NPS)2022
18.2
58.9450.60%1.
1,936.30
56.73%
916.6147.34%1,019.69
52.66%1.88%
1,928.9334.51
1.82%828.20
115.5116.21%129.42
25.3324.33%
2.
1,956.49281.87
16.83%72.72%
5.040.72
271.2551.19
23.26%1.04%4.55%
484.76
15.343.27%
3.
20.692.7215.14%
17.421.23
19.87%501.16
1,34413.07%3,403256
8.13%40821
5.43%3,313633
23.62%
1,000
2,21270947.17%
105.7070.68%
1,983972
96.14%4,6261,865
67.55%
4.
CCER2021
20222022
18.3
29.33
25.18%
1.
2,001.75166.12
9.05%1,454.90
335.6029.98%349.50
50.2312.57%136.40
112.1545.12%60.71
7.1110.48%
CFETS
2022
2.
646.20
62.75%13.11%
47.854.64%0.97%
28.0558.62%
19.8041.38%
X-Repo1002022
3.
2022
2,008.1519.67%
5086,780.85
8.59
2,112.95
1,745.12
82.59%114.365.41%
106.835.06%146.64
6.94%
+
C2022
4.
427.93
307.5149
338.74218.323789.19
18.4
1.
1801611102
2.
10441918276125
588.63193.04
3.
(1)
457.87
71.1318.39%4,025.44
5.51%
4,349.68
92.69%
2.69
(2)
74.29
0.03%2,869.62
11.43%1,875.57
18.85%
202220.21
21.09%2,139.64
9.16%21,332.298.80%
(3)
104.32
40.0264.302022
97.01131.74
76.30
18.5
1.
IT50
6.054
eE
2.
3602022
3.
47(4)
20.1
1.
2.
3.
4.
5.
20.2
1.2.
3.
4.
5.
6.
20221231
2021123190,470,92499,172,0733073,656,09355,237,499
(%)122.83179.54
100%
202212312022930
304,721,619300,069,741299,881,081295,823,722281,453,132262,224,044283,094,294264,013,293(%)108.27114.43105.93112.05
100%
44(3)
20.3
20.3.1
20.3.2
20221231
20211231
100(831,337)(801,362)100831,337801,362
20221231
20211231
100(2,782,794)(1,699,289)1003,051,7351,861,377
1.2.
3.4.5.
6.7.
20.3.3
20.3.4
2022123120211231
20221231
20211231
100(10)9,31310010(9,313)
1.
2.100
3.4.
5.
6.7.
20.4
1.
2.
3.
4.
5.
21.1
2023
21.2
2023
21.3
2023
1.2.3.4.5.6.7.8.9.
+8640066965886http://www.qdccb.com/
2022221
http://www.cninfo.com.cn/
20222252022222
http://www.cninfo.com.cn/
20222252022223
http://www.cninfo.com.cn/
20222252022224
http://www.cninfo.com.cn/
202222520224152021
http://www.cninfo.com.cn/
2022419
2022520
http://www.cninfo.com.cn/
20225252022615
http://www.cninfo.com.cn/
2022620
2022617
http://www.cninfo.com.cn/
20226202022623
http://www.cninfo.com.cn/
2022627202278
http://www.cninfo.com.cn/
20227122022713
http://www.cninfo.com.cn/
2022715202299
http://www.cninfo.com.cn/
20229142022122
http://www.cninfo.com.cn/
2022127
4.1
4.2
4.3
4.4
2022721–
202268
2023320–
2023118
2022882022826
4.5
20221231
1.20225102021
20225310.16
AH20219.31
2.2022722
5.50%
7,351.676,616.50735.17
3.101.60
2022123120222022
2022
AH
AH2022
2023662023610HH
2022202365430H
1717121716
20237272022
4.62022
202353120222022H2023525
2023531H
H2023524430H
1831717121716
4.7
20179196,015
12.03
20229191,269,165,0001,203,000,00066,165,000
20229214
20226292022720202272920229162022921
4.8
4.9
202220221231
102237
2022123120221231
202212312022
2(4)1922
?
?
2(4)1922
?
?
?
2(4)1922
?
?
2(4)1922
?
?
2(4)45
?
?
?
2(25)47
?
?
2(25)47
?
?
?
??
?
?
2023331
20221231
2022202119,830,16218,208,935(11,541,848)(10,563,310)
8,288,3147,645,6251,791,2822,175,357
(346,152)(220,231)
1,445,1301,955,126
741,182(171,489)
1,057,1751,680,445
117,45428,66611,649,25511,138,373
(4,218,441)(3,915,738)
(4,288,828)(3,966,971)(6,027)(30,254)3,135,9593,225,410
31,566(232,197)3,167,5252,993,213
3,082,7752,922,664
84,75070,549
0.450.51
111237
20221231
202220213,167,5252,993,213
39(4)(5,280)(3,382)
39(4)(459,440)457,690
39(4)(198,053)259,474(662,773)713,7822,504,7523,706,995
2,420,0023,636,446
84,75070,549
111237
20221231
20221231
20211231
27,825,30653,241,394
2,301,0372,126,922
8,432,0225,108,646
108,376146,617
–12,288,925
262,518,662238,608,698
47,259,76255,947,254
96,678,70172,613,395
58,202,66561,422,152
15,280,94911,688,253
3,466,3863,390,193
826,958845,889
3,446,3432,505,442
3,266,8252,315,830529,613,992522,249,610
13,256,60525,494,116
6,439,6606,341,814
17,808,09516,904,500
188,147144,689
25,634,35425,305,596
348,043,307317,965,807703,876124,032
74,866,95192,218,300
515,043505,895
5,564,6593,917,133493,020,697488,921,882111237
20221231
20211231
5,820,3554,509,690
38(1)–7,853,964
38(2)6,395,783–39(1)10,687,6348,337,86939(2)2,388,2482,103,88339(3)6,618,0475,576,46139(4)83,726746,499
3,822,5193,507,12935,816,31232,635,495
776,983692,23336,593,29533,327,728529,613,992522,249,6102023331
111237
20221231
2022
38(1)38(2)39(1)39(2)39(3)39(4)
2022114,509,6907,853,964–8,337,8692,103,8835,576,461746,4993,507,12932,635,495692,23333,327,728
––––––(662,773)3,082,7752,420,00284,7502,504,752
1,310,665––2,844,140––––4,154,805–4,154,805
––6,395,783–––––6,395,783–6,395,783
–(7,853,964)–(494,375)––––(8,348,339)–(8,348,339)
––––284,365––(284,365)–––
–––––1,041,586–(1,041,586)–––
–––––––(1,441,434)(1,441,434)–(1,441,434)202212315,820,355–6,395,78310,687,6342,388,2486,618,04783,7263,822,51935,816,312776,98336,593,295
111237
2021
3839(1)39(2)39(3)39(4)2021114,509,6907,853,9648,337,8691,859,7375,072,21732,7172,618,98030,285,174621,68430,906,858
–––––713,7822,922,6643,636,44670,5493,706,995
–––244,146––(244,146)–––
––––504,244–(504,244)–––
––––––(1,286,125)(1,286,125)–(1,286,125)202112314,509,6907,853,9648,337,8692,103,8835,576,461746,4993,507,12932,635,495692,23333,327,728
111237
20221231
20222021
3,135,9593,225,4104,288,8283,966,971
6,02730,254547,473493,063(653,140)187,667
1,0421,426(8,000)(2,600)1,326,823(473,453)(2,376,258)(1,206,092)2,709,7252,927,687(5,210,430)(5,264,161)
2,407(17,073)3,770,4563,869,099
876,6043,502,520(80,000)(820,000)(7,850,000)(400,000)(26,803,985)(39,517,125)
12,303,355(2,568,775)(3,683,039)(741,348)(89,368)(68,847)(25,326,433)(40,613,575)
111237
20222021
(12,177,107)14,173,786
68,577(10,605,073)823,8243,949,61190,548(7,789,208)27,822,25341,293,439
3,569,064(457,640)20,197,15940,564,915
(315,907)(815,438)(1,674,725)3,005,001
58,448,68853,247,732
7,417,2756,889,3071,2336,165(75,639,964)(63,965,654)
(493,960)(627,428)(10,266,728)(4,449,878)
111237
20222021
4,177,534–6,400,000–
41(2)71,080,32682,957,92341(2)(88,101,992)(64,109,270)
(8,348,339)–41(2)(3,039,408)(2,392,548)(1,440,645)(1,285,422)
41(2)(146,863)(138,280)(29,533)–(19,448,920)15,032,403
46,002(13,639)(31,344,371)13,573,8871142,853,36829,279,481123141(1)11,508,99742,853,368
15,308,42913,707,841(6,520,564)(6,693,120)
111237
[1996]220[1996]353
19961115[1998]761998[2007]4852008
B0170H23702000191370200264609602K63H2015123866A
20191002948202212
AH58.202022123158.2020221231
(1)
2(25)
2(4)(2)
(3)
(4)
(i)
(ii)
(a)
(b)
(iii)
2(4)(iv)
(iv)
2(17)
2(4)(v)
(v)
(i)(ii)(iii)
1212
44(1)
36(3)
(vi)
(vii)
(viii)
(ix)
(x)
(xi)
(5)
(6)
(7)
2(12)
2(8)
20–503%–5%1.90%–4.85%5–103%–5%9.50%–19.40%53%–5%19.00%–19.40%3–73%–5%13.57%–32.33%20–503%–5%1.90%–4.85%
(8)
2(25)(ii))2(4)2(14)
2(25)(ii)(9)
2(12)
3–10
(10)
2(12)(11)
2(4)(ii)
2(12)(12)
??????
(13)(i)
(ii)
(iii)
(iv)
(14)
(15)
(16)
(17)
(i)
(ii)
(iii)
(18)
(19)(i)
(ii)
(20)
2(17)(i)
2(12)
(ii)
2(4)
(21)
(22)
(i)
(a)(b)(ii)
(a)(b)(c)(ii)(b)(d)(ii)(b)(ii)(c)(e)(i)
(23)
(24)
2(12)
(25)
(i)
44(1)(ii)
(iii)
(iv)
(v)
(vi)
20222021312,506385,25332,12425,529269,1478,1948,396,2207,489,7383,957,3483,630,074378,374437,022
304,872347,9665,210,4305,264,161969,141620,99819,830,16218,208,935
(503,458)(399,507)(180,286)(225,054)(607,577)(462,311)(7,046,209)(5,986,659)(454,745)(562,092)(2,709,725)(2,927,687)
(39,848)–(11,541,848)(10,563,310)
8,288,3147,645,625
(i)
20222021859,3491,264,544458,418506,887319,653228,18084,66365,14226,86486,80042,33523,8041,791,2822,175,357
(346,152)(220,231)1,445,1301,955,126
20222021(i)738,300(147,908)(ii)25,013(12,108)(21,655)(11,473)
(476)–
741,182(171,489)
(i)(ii)
20222021540,0411,377,578509,085300,257
8,0492,6101,057,1751,680,445
20222021107,25623,73710,343967(1,042)(1,426)8975,388117,45428,666
202220211,314,9921,213,680174,120153,942175,977231,74535,66532,11526,39224,428
240,096218,457(8,425)17,270
1,958,8171,891,637
547,473493,063150,138137,455122,102111,095
819,713741,613
146,885139,6021,293,0261,142,8864,218,4413,915,738
(i)20226252021
20221231
–806318882081,420–69640972401,217–1,2774901583112,236–578402–1111,091–9274381512591,775127––––127RosarioStrano––––––
127––––127MarcoMussita––––––
127––––12766––––66
191––––191
197––––197TingjieZHANG197––––197
197––––197
197––––197
–9274391513181,835–6031,0841511571,995–6068501511571,76477––––77
114––––114
114––––114
114––––1141,8456,4204,4309221,56115,178
20211231
–1,3809411453042,770–1,2559061453002,606–883919–1821,984–9089431452432,239124––––124RosarioStrano––––––
130––––130MarcoMussita––––––
130––––130
130––––130
90––––9090––––90
180––––180
186––––186TingjieZHANG186––––186
102––––102
102––––102
–9081,0241453002,377–5931,0821451551,975–5798501451511,72548––––4848––––4881––––8165––––6565––––6565––––651,8226,5066,6658701,63517,498
(1)
20222021(i)20215(ii)20217(iii)2022620227(iv)20228
(2)RosarioStranoMarcoMussita
(3)
(4)2022
2022
202212312021
20222021
1,1821,148
4398641511451,7722,157
202220211,000,000––1,000,0011,500,000––1,500,0012,000,0001–2,000,0012,500,000––2,500,0013,000,000–1
202220211,11756522,4454,910(21,110)12,4702,636,2843,110,0291,598,896351,302(278,471)347,477
183,23886,472115,20135,17831,22818,5684,288,8283,966,971
(1)
20222021688,411507,54927(2)(719,977)(275,352)(31,566)232,197
(2)
202220213,135,9593,225,410
25%25%
783,990806,353
2,8833,7509,1767,45217,05213,884
29,11125,086
(i)(844,667)(599,242)
(31,566)232,197
(i)
20222021202113(1)5,692,0624,764,2164,509,6903,082,7752,922,6642,922,664
510,176474,381474,3812,572,5992,448,2832,448,283
0.450.510.54(1)
2022202120214,509,6904,509,6904,509,6901,182,372254,526–5,692,0624,764,2164,509,690202212AH
20221231
20211231
349,481369,326
14(1)17,661,91918,294,944
14(2)9,769,01834,288,149
14(3)35,394278,97327,466,33152,862,066
9,49410,00227,825,30653,241,394
(1)20221231
5.25%202112316.0%)
6.0%202112319.0%)
(2)(3)
20221231
202112311,679,1781,409,83634,957120,697576,363584,236
13,13013,6272,303,6282,128,396
(2,591)(1,474)2,301,0372,126,922
20221231
20211231–4,112,3278,250,0001,000,000
209,3771,2298,459,3775,113,556
(27,355)(4,910)8,432,0225,108,646
2022123120211231
49,204,972102,911(101,859)50,066,444141,416(141,098)
5,890,4085,465(86,288)480,2183,806(3,591)
–––100,0001,395–55,095,380108,376(188,147)50,646,662146,617(144,689)
(1)
20221231
20211231–10,004,500–2,298,855
–6,680–12,310,035–(21,110)–12,288,925
(2)
20221231
20211231–12,303,355–6,680–12,310,035–(21,110)–12,288,925
(1)
20221231
20211231
172,955,292149,822,068
172,955,292149,822,068
46,459,43145,937,20616,931,63019,015,2019,988,96911,790,781
73,380,03076,743,188
20221231
20211231
598,681829,555
12(3,901,150)(3,159,298)
(510,711)(603,867)(2,697,610)(2,663,172)
(7,109,471)(6,426,337)
22,501,20717,640,224192,923–
262,518,662238,608,698(2)
20221231
2021123152,463,31054,080,56656,725,87349,142,728104,787,86294,014,19055,052,40746,967,996269,029,452244,205,480
(3)
20221231
380,033473,14819,9132,430875,524747,334923,685279,806315,3172,266,142443,768305,377154,13541,774945,0541,51377,771––79,2841,572,6481,779,981453,854359,5214,166,004
0.59%0.66%0.17%0.13%1.55%
20211231
400,12686,04310,9691,477498,615398,106360,450798,749160,5031,717,808192,714110,90597,356138,916539,891990,946557,398907,074300,8962,756,314
0.41%0.23%0.37%0.12%1.13%
(4)
(i)
20221231
(i)
241,459,7992,210,4273,263,777246,934,003
(3,901,150)(510,711)(2,697,610)(7,109,471)
237,558,6491,699,716566,167239,824,532
20211231
(i)221,484,0022,544,9403,365,869227,394,811
(3,159,298)(603,867)(2,663,172)(6,426,337)
218,324,7041,941,073702,697220,968,474
(ii)
20221231
(i)
22,676,50817,622–22,694,130
(27,639)(31)–(27,670)
20211231
(i)
17,640,224––17,640,224
(13,269)––(13,269)
(i)44(1)
(5)
(i)
2022
2022113,159,298603,8672,663,1726,426,337
12362(357)(5)–(263,591)264,239(648)–(360,066)(308,837)668,903–
1,365,147(48,201)1,304,9372,621,883
––(2,046,387)(2,046,387)––122,818122,818––(15,180)(15,180)202212313,901,150510,7112,697,6107,109,471
2021
2021112,113,757923,2142,250,8305,287,801
124,447(4,435)(12)–(53,236)60,019(6,783)–(27,721)(1,077,196)1,104,917–
1,122,051702,2651,287,2253,111,541
––(2,496,161)(2,496,161)––539,709539,709––(16,553)(16,553)202112313,159,298603,8672,663,1726,426,337
(ii)
2022
20221113,269––13,269
14,37031–14,4012022123127,63931–27,670
2021
20211114,781––14,781
(1,512)––(1,512)2021123113,269––13,269
48(2)
20221231
20211231––––
24,637–2,684,943877,6561,017,848106,924
3,727,428984,58034,950,08439,973,092
7,787,80213,488,145
791,8321,501,437
2,616–47,259,76255,947,254
1,318,187106,924460,708106,924
45,941,57555,840,33047,259,76255,947,254
20221231
2021123134,298,70031,766,9237,179,6151,075,38419,761,40811,447,91733,292,03422,697,107
94,531,75766,987,331
712,9343,755,95321(1)23,25023,250
–701,5041,410,7601,145,35796,678,70172,613,395
21(2)26,770,24927,822,68624,391,55725,014,048
69,908,45244,790,70996,678,70172,613,395
(1)
2022
(%)13,000––13,0000.348,00010,000––10,0001.14–
250––2500.81–23,250––23,2508,000
2021
(%)13,000––13,0000.342,60010,000––10,0002.15–
250––2500.81–23,250––23,2502,60020222021(2)
(3)
2022
20221160,404121,265300,555482,2241295,571(95,571)––
(4,100)27,247(23,147)–
(100,150)99,087(277,408)(278,471)2022123151,725152,028–203,753
2021
20211151,29120,93562,521134,747123,321(3,321)––
(3,411)3,411––(209)(6,033)6,242–
9,412106,273231,792347,4772021123160,404121,265300,555482,224
20221231
2021123129,382,70027,859,49210,720,0049,989,9488,957,23010,543,252801,9171,073,845
49,861,85149,466,537
2,609,2004,340,6301,738,7001,768,7006,070,6406,080,000868,9921,014,10722(1)(2,946,718)(1,247,822)58,202,66561,422,152
22(2)17,456,38718,853,57617,456,38718,853,576
40,746,27842,568,57658,202,66561,422,152
(1)
2022
202211298,990516,032432,8001,247,8221214,111(14,111)––
(183)183––(5,887)(497,184)503,071–
(115,326)22,9191,691,3031,598,896
––100,000100,00020221231191,70527,8392,727,1742,946,718
2021
202111282,041541,384273,0951,096,520
(653)653–––(184,891)184,891–
17,602158,886174,814351,302
––(200,000)(200,000)20211231298,990516,032432,8001,247,822(2)
20221231
20211231
510,000510,0001,000,0001,000,0001,510,0001,510,000
(i)
51.00%51.00%1,000,000510,000
(ii)
100.00%100.00%1,000,0001,000,000
(i)2017215
(ii)2020916
20221231
2021123117,338,10413,034,350(1,839,700)(1,163,127)15,498,40411,871,223
220,389126,02215,718,79311,997,24512(265,041)(227,836)
(65,109)(36,120)(107,694)(45,036)
15,280,94911,688,253
2022
202211227,83636,12045,036308,992
12968(968)––(5,402)5,402–––(24,933)24,933–
41,63949,48892,111183,238
––(54,386)(54,386)20221231265,04165,109107,694437,844
2021
202111192,06359,44636,075287,584(3,659)3,659–––(9,330)9,330–
39,432(17,655)64,69586,472
––(65,064)(65,064)20211231227,83636,12045,036308,992
20221231
10,588–10,588118,114,338(900,857)7,213,4811224,649,797(477,521)4,172,2762332,107,665(226,068)1,881,5973551,846,901(178,214)1,668,6875433,569(42,509)391,060
(i)175,246(14,531)160,71517,338,104(1,839,700)15,498,404
20211231
–––116,356,792(624,763)5,732,0291223,944,051(325,873)3,618,1782331,904,459(134,456)1,770,003355704,616(56,171)648,445550,534(6,035)44,499
(i)73,898(15,829)58,06913,034,350(1,163,127)11,871,223
(i)44(3)
2021113,150,797676,05067,13997,254226,8084,218,0488,39996,62512,30024,540165,225307,089318,125–––(318,125)–(263)(39,674)(6,775)(2,418)–(49,130)202112313,477,058733,00172,664119,37673,9084,476,00781,573128,7295,73615,82525,791257,654(98)(16,946)(3,691)(2,119)–(22,854)202212313,558,533844,78474,709133,08299,6994,710,807
202111(418,308)(437,511)(50,294)(64,167)–(970,280)(72,530)(71,309)(6,842)(10,738)–(161,419)–37,4836,4361,966–45,88520211231(490,838)(471,337)(50,700)(72,939)–(1,085,814)(81,581)(78,442)(6,429)(13,510)–(179,962)–15,8323,5072,016–21,35520221231(572,419)(533,947)(53,622)(84,433)–(1,244,421)
202212312,986,114310,83721,08748,64999,6993,466,386202112312,986,220261,66421,96446,43773,9083,390,193
2022123120211231202212310.11
202112310.112022123120211231
20221231
202112315015,91316,304(10–502,963,2342,967,813106,9672,103
2,986,1142,986,220
2021111,081,6564,1141,085,770
178,065–178,065(20,057)–(20,057)202112311,239,6644,1141,243,778
139,087–139,087(72,752)–(72,752)202212311,305,9994,1141,310,113
202111(257,647)(1,302)(258,949)
(155,359)(651)(156,010)17,070–17,07020211231(395,936)(1,953)(397,889)
(157,367)(651)(158,018)72,752–72,75220221231(480,551)(2,604)(483,155)
20221231825,4481,510826,95820211231843,7282,161845,889
(1)
2022123120211231
11,660,9662,915,2429,958,2242,489,556
163,56940,892182,84545,7111,400,620350,155(538,790)(134,697)560,218140,054419,487104,87213,785,3733,446,34310,021,7662,505,442(2)
(i)(ii)2021112,216,50225,212136,23090,0732,468,017
359,54520,499(118,363)13,671275,352(86,491)–(152,564)1,128(237,927)202112312,489,55645,711(134,697)104,8722,505,442
359,669(4,819)331,70533,422719,97766,017–153,1471,760220,924202212312,915,24240,892350,155140,0543,446,343
(i)(ii)
20221231
20211231
922,695922,695379,973347,66428(1)353,076296,612184,694254,624112,690112,651
(i)28(2)39,81028,7545,7594,556(ii)–59,692(iii)1,306,712338,7303,305,4092,365,978
(38,584)(50,148)3,266,8252,315,830
(i)202212311,544
202112311,278(ii)2022123120211231
2,9443,025(iii)
(1)
20222021799,866659,876167,420139,990
––967,286799,866
(503,254)(407,358)(110,956)(95,896)
––(614,210)(503,254)
353,076296,612296,612252,518
2022123120211231(2)
20221231
2021123139,81028,754
39,81028,754
20221231
2021123113,125,17522,668,32573,9572,707,91457,473117,87713,256,60525,494,116
20221231
202112312,526,89065,6523,873,4276,266,088
39,34310,0746,439,6606,341,814
20221231
2021123116,753,99015,792,856727,000–143,0511,007,361
184,054104,28317,808,09516,904,500
(1)
20221231
20211231–2,320,00025,394,77922,984,231237,752–
1,8231,36525,634,35425,305,596(2)
20221231
2021123117,999,77910,301,9317,632,75215,002,3001,8231,36525,634,35425,305,596
20221231
2021123191,660,860118,280,11929,571,14829,923,260
121,232,008148,203,379
101,968,83484,609,604117,757,02180,507,262
219,725,855165,116,866
389,10280,246211124,4326,696,1314,440,884348,043,307317,965,807
17,495,51617,375,572
20221231
20211231(i)9,993,57426,985,704(ii)64,620,29364,711,488
253,084521,10874,866,95192,218,300
(i)
(a)201761030
5.00%20276295
202262920211231
30.30
(b)201771020
5.00%20277145
202271420211231
20.22
(c)20195330
3.65%20225222021123130.13(d)20195510
3.98%202452220221231
10.162021123110.25(e)20195330
3.70%20225312021123130.14(f)20195510
3.98%202453120221231
10.162021123110.25(g)201912330
3.45%20221252021123130.20(h)201912510
3.84%20241252022123110.172021123110.26(i)201912330
3.42%202212162021123130.19
(j)201912510
3.80%202412162022123110.172021123110.25(k)202131040
4.80%20313245
2022123140.862021123141.85(l)202151020
4.34%20315285
2022123120.142021123120.57(ii)
2022123120211231
645.83647.78
20221231
2021123111133,544139,576122110,492105,41923393,75793,499355119,643123,2855118,182104,222
575,618566,001515,043505,895
20221231
202112311,830,079–
922,695922,69536(1)652,469825,417677,270762,878114,183494,99336(2)195,142260,249110,469175,67236(3)252,642137,44119,25818,469790,452319,3195,564,6593,917,133
(1)
20221231
20211231
525,727625,787
2,61157,32025,06822,23618,20016,93413310,000
(i)80,73093,140652,469825,417
(i)
(2)
20221231
20211231
146,222210,18629,46728,86019,45321,203195,142260,249
(3)
2022
202211129,7897,652–137,4411252(52)––
(1,658)1,658––(744)–744–
122,175(6,230)(744)115,20120221231249,6143,028–252,642
2021
202111102,16499–102,263125(5)––
(1,078)1,078––
28,6986,480–35,17820211231129,7897,652–137,441
20221231
202112315,820,3554,509,690202213.207.821A
202223.925.291H
AH28.44
58.20111.82
(1)(a)
2022123120227292022916
2022921
20229191,269,165,000
1,203,000,00066,165,00020211231
20179195.5%2060,1501,203,0007,883,259
7,883,259(29,295)7,853,964
(b)
(i)
(ii)
(iii)
(iv)
(v)
5.125%
H
5.125%H
HH(1)(2)
(vi)
(vii)
(c)
2021123120221231
60,1507,853,964(60,150)(7,853,964)––(2)(a)
202212
202220227143.70%10040,0004,000,000202220228163.55%10024,0002,400,000
6,400,000
(4,217)6,395,783
(b)
20227142022816402420222022
(i)
10020225
3.70%5202253.55%5
(ii)
(iii)
(iv)
(v)
(c)
2021123120221231
2022––40,0003,997,23640,0003,997,2362022––24,0002,398,54724,0002,398,547
––64,0006,395,78364,0006,395,783(3)
20221231
2021123135,816,31232,635,49529,420,52924,781,5316,395,7837,853,964
776,983692,233776,983692,233
(1)
(2)
10%50%
(3)
20123[2012]20
1.5%
20221231
63.171.50%(4)
2022
(11,573)(7,040)–1,760(5,280)(16,853)
386,452(134,216)(478,371)153,147(459,440)(72,988)
371,62063,659(327,729)66,017(198,053)173,567
746,499(77,597)(806,100)220,924(662,773)83,726
2021
(8,191)(4,510)–1,128(3,382)(11,573)
(71,238)603,4196,835(152,564)457,690386,452
112,146390,042(44,077)(86,491)259,474371,620
32,717988,951(37,242)(237,927)713,782746,499
(5)
2022114,509,6907,853,964–8,337,8692,103,8835,409,946746,4993,052,53332,014,384
––––––(662,773)2,843,6542,180,881
1,310,665––2,844,140––––4,154,805
––6,395,783–––––6,395,783
–(7,853,964)–(494,375)––––(8,348,339)
––––284,365––(284,365)–
–––––906,980–(906,980)–
–––––––(1,441,434)(1,441,434)
202212315,820,355–6,395,78310,687,6342,388,2486,316,92683,7263,263,40834,956,080
2021114,509,6907,853,9648,337,8691,859,7374,981,26332,7172,570,03030,145,270
–––––713,7822,441,4573,155,239
–––244,146––(244,146)–
––––428,683–(428,683)–
––––––(1,286,125)(1,286,125)202112314,509,6907,853,9648,337,8692,103,8835,409,946746,4993,052,53332,014,384
(1)202333120221231
2.849.07101.60
9.31
(2)2022722
5.50%7,351.6720229205.10
(3)2022510202120211231
2.444.29101.60
9.31
(4)2021830
5.50%7,351.6720219234.74
(5)2021511202020201231
2.335.81101.80
8.12
(1)
20221231
20211231
349,481369,3269,769,01834,288,1491,390,4981,294,769–4,712,327–2,188,797
11,508,99742,853,368
(2)
20221191,697,192521,108505,89592,724,195
71,080,326––71,080,326(1,928,008)(1,111,400)–(3,039,408)(88,101,992)––(88,101,992)
––(146,863)(146,863)(18,949,674)(1,111,400)(146,863)(20,207,937)
––137,159137,1591,866,349843,37618,8522,728,5772022123174,613,867253,084515,04375,381,994
20211172,496,921337,587453,67173,288,179
82,957,923––82,957,923(1,508,948)(883,600)–(2,392,548)(64,109,270)––(64,109,270)
––(138,280)(138,280)17,339,705(883,600)(138,280)16,317,825
––171,403171,4031,860,5661,067,12119,1012,946,7882021123191,697,192521,108505,89592,724,195
(1)
(a)
5%
20221231
20211231IntesaSanpaoloS.p.A.
1,018,56217.50%13.85%GianMaria
GROS-PIETRO
654,62311.25%11.17%
532,6019.15%9.08%
202111624,75413.85%503,55611.17%––
––––409,6939.08%20211231624,75413.85%503,55611.17%409,6939.08%
393,8083.65%151,0670.08%122,9080.07%202212311,018,56217.50%654,62311.25%532,6019.15%
20221231
20211231
103.69100.84
20.0020.00
45.0045.00
(b)
(c)
(2)
(a)
(i)
20221231
––1,351,200–311,4491,662,6490.62%–––1,005,318–1,005,3181.64%–––444,301–444,3010.94%
––193,436––193,4361.23%19,498––––19,4980.85%134,32248,349334,0173,745,736556,0034,818,4271.38%
––5165,534–6,0500.09%
–100–100–2000.00%2022
––94,529–13,812108,3410.55%1,7843445,707100,18314,482122,5001.06%
–––36,358–36,3582.03%
–––293–2930.08%
–706–––7060.02%
–––5,050–5,0504.30%
20211231
––1,102,328–21,2781,123,6060.46%–––2,228,791–2,228,7913.98%
––150,170––150,1701.25%2,043––––2,0430.10%158,224164,535475,3064,144,42596,7415,039,2311.58%
–189513––7020.01%
––9––90.00%2021
––46,3575777747,1910.26%2,4641,7128,41155,2353,55371,3750.68%
–––44,176–44,1762.03%
–566–––5660.01%
–––15,160–15,16052.88%
(i)2022H
H
(b)
20221231
20211231
1,311,569–829,336974,82820222021
11,569–6,7124,213238,83358,02055,519134,3852,0332,035
(3)
20222021
18,72221,7992022123120221231
2022202120221231
1.06202112315.8442(2)(4)
2(23)
2022
4,937,009671,0762,212,047468,1828,288,314775,606940,589(1,716,195)––5,712,6151,611,665495,852468,1828,288,314
186,786675,281559,51223,5511,445,130(125,987)(11,782)879,427(476)741,182
68,964–988,211–1,057,17551,70726,05410,30029,393117,4545,894,0852,301,2182,933,302520,65011,649,255(2,036,089)(1,330,464)(758,574)(93,314)(4,218,441)(2,391,739)(443,235)(1,270,304)(183,550)(4,288,828)
(6,027)–––(6,027)1,460,230527,519904,424243,7863,135,959
(229,778)(277,830)(32,469)(7,396)(547,473)206,014249,09636,7852,065493,960
20221231
209,943,06088,215,513212,537,50215,471,574526,167,649
3,446,343529,613,992223,436,198153,209,549103,132,59713,242,353493,020,697
49,637,91118,441,375––68,079,286
2021
4,507,0891,097,1061,787,234254,1967,645,6251,156,030541,159(1,697,189)––5,663,1191,638,26590,045254,1967,645,625243,766593,5071,034,34783,5061,955,12666,5253,261(241,275)–(171,489)21,329–1,659,116–1,680,445
4306254027,57128,6665,995,1692,235,6582,542,273365,27311,138,373(1,899,946)(1,343,044)(608,259)(64,489)(3,915,738)(3,036,410)(235,375)(608,321)(86,865)(3,966,971)(30,254)–––(30,254)1,028,559657,2391,325,693213,9193,225,410
(188,027)(273,214)(11,512)(20,310)(493,063)240,675349,71635,0661,971627,428
20211231
202,386,00398,846,968206,763,70511,747,492519,744,168
2,505,442522,249,610241,782,150115,150,726121,092,42910,896,577488,921,882
33,433,49812,977,027––46,410,525
(1)(a)
44(1)44(1)
(b)
(PD)(LGD)(EAD)?12
??
?????
(GDP)(CPI)(M2)20221231
2.05%
20221231202112315%
5%
(c)
(d)
(e)
20221231
2021123127,475,82552,872,0682,301,0372,126,9228,432,0225,108,646
108,376146,617
–12,288,925262,518,662238,608,69812,307,06215,974,16296,655,45172,590,14558,202,66561,422,152
15,280,94911,688,253
1,307,938347,590484,589,987473,174,178
68,079,28646,410,525552,669,273519,584,703
(f)
202212312021123136,870,33713.70%28,960,16111.86%30,836,31711.46%33,331,66213.65%27,177,63310.10%20,430,7878.37%24,242,3539.01%20,997,5418.60%22,197,6998.25%20,453,9348.38%21,744,0018.08%21,257,0288.70%13,558,8375.04%7,721,4673.16%5,031,2831.87%3,859,2351.58%4,837,3791.80%3,783,9051.55%2,788,0391.04%2,218,0780.91%6,365,5442.37%4,448,4941.81%195,649,42272.72%167,462,29268.57%
73,380,03027.28%76,743,18831.43%269,029,452100.00%244,205,480100.00%
20221231AAAAAAA–63,706,037–––63,706,037–17,899,619–––17,899,6193,376,16125,658,3791,875,288237,208256,54531,403,58191,29515,810,49316,450,17383,8752,675,96335,111,799
3,467,456123,074,52818,325,461321,0832,932,508148,121,036
20211231AAAAAAA–59,626,415–––59,626,415–11,065,332–––11,065,332–20,965,2921,505,958–397,57522,868,825–7,268,44113,387,633113,1113,108,69123,877,876
–98,925,48014,893,591113,1113,506,266117,438,448
(g)
20221231
27,825,306––27,825,306––––
2,303,628––2,303,628(2,591)––(2,591)8,459,377––8,459,377(27,355)––(27,355)169,381,3791,395,8992,608,188173,385,466(3,631,302)(312,800)(2,263,910)(6,208,012)72,078,420814,528655,58973,548,537(269,848)(197,911)(433,700)(901,459)
56,482,930235,9084,430,54561,149,383(191,705)(27,839)(2,727,174)(2,946,718)15,340,939216,795161,05915,718,793(265,041)(65,109)(107,694)(437,844)351,871,9792,663,1307,855,381362,390,490(4,387,842)(603,659)(5,532,478)(10,523,979)
20221231
22,483,58517,622–22,501,207(27,639)(31)–(27,670)192,923––192,923––––
94,715,9121,939,539–96,655,451(51,725)(152,028)–(203,753)
117,392,4201,957,161–119,349,581(79,364)(152,059)–(231,423)
67,960,64097,64621,00068,079,286(249,614)(3,028)–(252,642)
20211231
53,241,394––53,241,394––––2,128,396––2,128,396(1,474)––(1,474)5,113,556––5,113,556(4,910)––(4,910)12,310,035––12,310,035(21,110)––(21,110)145,413,9192,087,4612,959,656150,461,036(2,886,893)(509,657)(2,397,947)(5,794,497)76,070,083457,479406,21376,933,775(272,405)(94,210)(265,225)(631,840)
60,537,4531,557,821574,70062,669,974(298,990)(516,032)(432,800)(1,247,822)11,691,987247,18958,06911,997,245(227,836)(36,120)(45,036)(308,992)366,506,8234,349,9503,998,638374,855,411(3,713,618)(1,156,019)(3,141,008)(8,010,645)
20211231
17,640,224––17,640,224(13,269)––(13,269)
68,822,2693,316,960450,91672,590,145(60,404)(121,265)(300,555)(482,224)
86,462,4933,316,960450,91690,230,369(73,673)(121,265)(300,555)(495,493)
46,226,356184,1195046,410,525(129,789)(7,652)–(137,441)
(i)(2)
(a)
2022123133115527,825,306394,36927,430,937–––2,301,03713,1302,088,048199,859––8,432,022208,6444,733,6863,489,692––(i)262,518,662563,11868,781,574152,363,98035,395,6635,414,327(ii)202,141,12843,709,1917,991,46911,534,61569,140,56369,765,29015,280,949216,5326,469,2275,168,6623,426,528–11,114,88811,114,888––––529,613,99256,219,872117,494,941172,756,808107,962,75475,179,617
13,256,60557,4733,477,2529,721,880––
6,439,66039,3432,898,8573,501,460––17,808,095184,0545,216,61012,307,431100,000–25,634,3541,82325,632,531–––348,043,3077,085,444167,691,19967,206,597106,042,65117,41674,866,951253,08421,435,71743,184,5769,993,574–6,971,7254,666,0331,853,92664,869293,53793,360493,020,69712,287,254228,206,092135,986,813116,429,762110,776
36,593,29543,932,618(110,711,151)36,769,995(8,467,008)75,068,841
2021123133115553,241,394658,30152,583,093–––2,126,92213,6271,292,963820,332––5,108,6461,2294,709,329398,088––12,288,9256,68012,282,245–––(i)238,608,698722,05747,395,444160,137,14527,784,0042,570,048
(ii)189,982,80154,910,79510,330,65117,719,37647,784,49059,237,489
11,688,253123,2353,259,6071,941,7666,363,645–9,203,9719,203,971––––522,249,61065,639,895131,853,332181,016,70781,932,13961,807,537
25,494,116117,8774,705,47520,670,764––
6,341,81410,0744,947,7401,384,000––16,904,500104,2836,756,68410,043,533––25,305,5961,36525,304,231–––317,965,8074,645,562188,067,56342,120,93083,037,95993,79392,218,300521,10818,644,03758,064,5153,998,12710,990,5134,691,7494,185,85450,61283,860290,44980,974488,921,8829,586,123248,476,342132,367,60287,326,53511,165,280
33,327,72856,053,772(116,623,010)48,649,105(5,394,396)50,642,257
(i)20221231202112313
12.378.05
(ii)
20221231
20211231100(831,337)(801,362)100831,337801,362
20221231
20211231100(2,782,794)(1,699,289)1003,051,7351,861,377
(i)(ii)(iii)(iv)(v)(vi)(vii)
(b)
20221231
27,689,844131,8843,57827,825,306
1,465,218757,79478,0252,301,0378,432,022––8,432,022260,885,9631,629,3573,342262,518,662
(i)194,601,9337,539,195–202,141,12815,280,949––15,280,94910,676,780435,3122,79611,114,888519,032,70910,493,54287,741529,613,992
13,256,605––13,256,605
3,960,6202,479,040–6,439,66017,663,785144,310–17,808,09525,395,789238,565–25,634,354346,301,1711,684,65357,483348,043,307
74,866,951––74,866,951984,7765,969,69617,2536,971,725482,429,69710,516,26474,736493,020,697
36,603,012(22,722)13,00536,593,29565,256,0712,406,503416,71268,079,286
20211231
52,741,302495,8044,28853,241,394
1,325,898748,98052,0442,126,922997,8754,110,771–5,108,64612,288,925––12,288,925233,929,1694,674,6244,905238,608,698(i)181,494,7148,466,24221,845189,982,801
11,688,253––11,688,253
9,202,4321,539–9,203,971503,668,56818,497,96083,082522,249,610
25,494,116––25,494,116
6,309,93131,883–6,341,81412,910,2143,972,62621,66016,904,50025,305,596––25,305,596311,367,8446,547,36350,600317,965,807
92,218,300––92,218,300
4,652,13439,615–4,691,749478,258,13510,591,48772,260488,921,882
25,410,4337,906,47310,82233,327,72845,084,3321,129,301196,89246,410,525
(i)
2022123120211231
20221231
20211231100(10)9,31310010(9,313)
(i)100(ii)100(iii)(iv)
(v)(vi)(vii)
(3)
(a)
20221231
1155(ii)(ii)
17,697,31310,127,993–––––27,825,306
–1,389,349204,888503,947202,853––2,301,037––1,851,4273,038,2263,542,369––8,432,022719,658385,54320,949,48321,389,39387,255,05967,179,73464,639,792262,518,662
(i)326,38446,24622,850,0916,299,34817,944,46576,135,20278,539,392202,141,128
53,3668,4811,165,7571,182,3734,893,9017,590,630386,44115,280,9498,603,214432,39440,03738,057142,250308,7741,550,16211,114,88827,399,93512,390,00647,061,68332,451,344113,980,897151,214,340145,115,787529,613,992
––54,0403,470,2859,732,280––13,256,605–1,158,513–1,765,3203,515,827––6,439,660––2,058,0403,278,09312,371,962100,000–17,808,095––25,531,243103,111–––25,634,354–122,042,96919,152,84427,829,44268,818,498110,181,65817,896348,043,307––4,982,83016,601,75343,288,7943,998,6415,994,93374,866,951267,224166,769855,2761,939,0641,551,5571,074,0571,117,7786,971,725267,224123,368,25152,634,27354,987,068139,278,918115,354,3567,130,607493,020,69727,132,711(110,978,245)(5,572,590)(22,535,724)(25,298,021)35,859,984137,985,18036,593,295
20211231
1155(ii)(ii)
18,573,91734,667,477–––––53,241,394
–1,294,015––832,907––2,126,922––4,309,743400,410398,493––5,108,646––12,288,925––––12,288,925768,511193,01016,095,81514,831,68768,874,81674,696,01063,148,849238,608,698
(i)203,97271831,632,1035,952,50522,608,38364,364,53365,220,587189,982,801
13,032–514,8431,151,1314,057,1575,908,06544,02511,688,2537,237,5893616,3445,79432,313379,1921,532,7039,203,97126,797,02136,155,25664,857,77322,341,52796,804,069145,347,800129,946,164522,249,610
––545,6014,161,54420,786,971––25,494,116–4,951,605––1,390,209––6,341,814––3,202,1243,614,62310,087,753––16,904,500––25,305,596––––25,305,596–148,703,40020,686,12619,586,86743,230,12285,664,71094,582317,965,807––9,015,9569,776,94758,436,7573,998,12710,990,51392,218,300153,052535,8661,021,520105,808497,0621,276,6331,101,8084,691,749153,052154,190,87159,776,92337,245,789134,428,87490,939,47012,186,903488,921,88226,643,969(118,035,615)5,080,850(14,904,262)(37,624,805)54,408,330117,759,26133,327,728
(i)(ii)
(b)
20221231
1155––54,0763,517,4609,864,710––13,436,24613,256,605–1,158,513–1,775,2043,570,747––6,504,4646,439,660
––2,072,1093,290,56412,630,182105,776–18,098,63117,808,095––25,537,711103,572–––25,641,28325,634,354–122,042,96919,181,98428,189,08970,741,471118,416,93135,653358,608,097348,043,307––4,990,00016,712,00043,922,8005,271,2007,115,20078,011,20074,866,951–9,53728,90614,94980,152323,892118,182575,618515,04313,418157,232121,2941,792,607404,847183,624922,6953,595,7173,595,71713,418123,368,25151,986,08055,395,445141,214,909124,301,4238,191,730504,471,256490,159,732
20211231
1155––546,1504,232,87420,793,145––25,572,16925,494,116–4,951,605––1,426,866––6,378,4716,341,814
––3,205,5113,670,10510,241,802––17,117,41816,904,500––25,312,275––––25,312,27525,305,596–148,703,40020,739,55519,671,27443,816,51993,372,743112,181326,415,672317,965,807––9,030,0009,872,00059,779,4006,427,20012,644,00097,752,60092,218,300–11,59427,91811,33088,734322,203104,222566,001505,89514,447500,377168,2642,76065,628164,605922,6951,838,7761,838,77614,447154,166,97659,029,67337,460,343136,212,094100,286,75113,783,098500,953,382486,574,804
(c)
2022123111331155––23(109)(549)1,621–986
––14,333336,5955,616,499––5,967,427––(14,315)(336,458)(5,804,543)––(6,155,316)
––18137(188,044)––(187,889)
2021123111331155
––149(939)1722,497–1,879
––15,7575,633466,946––488,336––(15,748)(5,630)(465,937)––(487,315)
––931,009––1,021
(4)
(5)
2012
20221231
2021123130,003,93925,220,6365,820,3554,509,69010,687,6348,337,8692,388,2482,103,8836,618,0475,576,4613,822,5193,507,12983,726746,499583,410439,105
(834,333)(309,651)29,169,60624,910,985
6,473,5717,912,5116,395,7837,853,96477,78858,547
35,643,17732,823,496
9,569,04114,251,7306,000,00011,000,0003,413,4653,134,635155,576117,095
45,212,21847,075,226333,440,925297,412,693
8.75%8.38%
10.69%11.04%
13.56%15.83%
(1)
(a)
(b)
(c)
(d)
(2)
20221231
(i)
–3,727,428–3,727,428––7,787,8027,787,802––791,832791,832–34,950,084–34,950,084–2,616–2,616
–108,376–108,376
–95,922,326–95,922,326–733,125–733,125––23,25023,250––22,694,13022,694,130
–135,443,95531,297,014166,740,969–187,0761,071188,147–187,0761,071188,147
20211231
(i)
–984,580–984,580––13,488,14513,488,145––1,501,4371,501,437–39,973,092–39,973,092–146,617–146,617
–67,991,092–67,991,092–3,870,136–3,870,136––23,25023,250––728,917728,917––17,640,22417,640,224
–112,965,51733,381,973146,347,490–142,2422,447144,689–142,2422,447144,689
(i)
2022
2022
20221231
13,488,145–(2,453,369)(62,684)–4,390,000–(7,574,290)7,787,8021,501,437––(513,923)–––(195,682)791,832
23,250–––––––23,250728,917––2,695(31,612)––(700,000)–17,640,224––266,049(29,912)71,488,373–(66,670,604)22,694,130
33,381,973–(2,453,369)(307,863)(61,524)75,878,373–(75,140,576)31,297,014
2,447––(1,376)––––1,0712,447––(1,376)––––1,071
2021
2021
20211231
9,998,794––37,554–5,362,658–(1,910,861)13,488,1452,004,789––22,330–––(525,682)1,501,43750,390––(390)–––(50,000)–
995––(995)–––––
23,250–––––––23,250730,534––40,31271––(42,000)728,9177,215,159––376,23625,54648,156,016–(38,132,733)17,640,224
20,023,911––475,04725,61753,518,674–(40,661,276)33,381,9731,726––721––––2,4471,726––721––––2,447(3)
(4)
(5)
(6)
(i)
(ii)
(iii)
(iv)
(v)
20221231
48,911,44649,180,473–48,356,749823,724
48,911,44649,180,473–48,356,749823,724
10,246,65810,419,636–10,419,636–64,620,29364,583,013–64,583,013–
74,866,95175,002,649–75,002,649–
20211231
50,243,99950,258,045–50,159,26398,782
50,243,99950,258,045–50,159,26398,782
27,506,81227,981,076–27,981,076–64,711,48864,778,081–64,778,081–
92,218,30092,759,157–92,759,157–
(1)
20221231
2021123136,283,07722,764,51618,441,37512,977,0278,253,7538,642,7653,145,5981,071,373
983,936172,170754,600553,838216,947228,83668,079,28646,410,525
36(3)(2)
20221231
2021123118,680,16412,256,845
(3)
20221231
2021123182,60685,154(4)
2022123120211231
(5)
20221231
202112313,536,4514,224,832(6)
20221231
2021123126,190,71241,968,93817,999,77910,301,93144,190,49152,270,869
202212312021123120221231202112
(1)
2022123120211231
20221231
7,787,802733,1252,469,05710,989,98410,989,984
791,832–607,4821,399,3141,399,314124,2771,919,509922,2532,966,0392,966,03934,950,084––34,950,08434,950,08443,653,9952,652,6343,998,79250,305,42150,305,421
20211231
13,488,1453,870,1364,122,27821,480,55921,480,559
1,501,437–820,3822,321,8192,321,819127,4132,006,996922,4753,056,8843,056,88439,973,092––39,973,09239,973,09255,090,0875,877,1325,865,13566,832,35466,832,354
(2)
202212312021123120221231
2,008.15202112311,678.04
20221231202112310.42
(3)111231
20220.362021
1.27
2022111231
58.522021466.98
(4)
(1)
(2)
(3)
20222021
3.1410.681.83
2.802(4)(vii)
2022123153.0120211231
35.94
20221231
2021123127,786,53253,195,2081,207,5541,291,8299,735,9195,108,646
108,376146,617
–12,288,925262,518,662238,608,69847,257,14655,947,25496,678,70172,613,39558,202,66561,422,152
1,510,0001,510,0003,237,5703,155,267826,531839,8473,360,7372,423,4733,052,4972,264,579515,482,890510,815,890
20221231
2021123113,256,60525,494,116
7,268,9967,316,6425,451,3836,896,877
188,147144,68925,634,35425,305,596348,043,307317,965,807670,755–74,866,95192,218,300514,627500,3274,631,6852,959,152480,526,810478,801,506
5,820,3554,509,690–7,853,9646,395,783–
10,687,6348,337,869
2,388,2482,103,883
6,316,9265,409,946
83,726746,499
3,263,4083,052,53334,956,08032,014,384515,482,890510,815,8902023331
5120221231
202212312022123120221231
17202311
2202311
820231112202311
(1)
(1)
20221231
2021123190,470,92499,172,0733073,656,09355,237,499
122.83%179.54%
100%(2)
20221231
20211231
6.07%5.87%
201541
4%
(3)
20221231
2022
304,721,619299,881,081281,453,132283,094,294
108.27%105.93%
100%
20221231
10,493,5429,26078,48110,581,283(10,516,264)(2,378)(72,358)(10,591,000)
42,793––42,79319,409––19,40939,4806,8826,12352,485(139,292)––(139,292)
20211231
18,497,96014,72568,35718,581,042(10,591,487)(8,413)(63,847)(10,663,747)240,109––240,109335,744––335,7448,482,3266,3124,5108,493,148
(127,514)––(127,514)
10%
20221231
129,1145,474,7443,967,7819,571,639
–5,075,937–5,075,937–532,705–532,705–32,287–32,287129,1146,039,7363,967,78110,136,631
20211231
495,3549,593,2887,837,80417,926,446
–4,986,197–4,986,197–558,692–558,692–16,214–16,214495,35410,168,1947,837,80418,501,352
20221231
20211231
366664,466214,4736111,115,515342,9251813,3751,207,970
2,593,3561,765,368
3660.25%0.09%6110.41%0.14%10.30%0.49%
0.96%0.72%
2022
(www.hkexnews.hk)(www.qdccb.com)2022
*
2023331
RosarioStranoMarcoMussitaTingjieZhang
*
